***** Eval results albert_base_ner_checkpoints/model.ckpt-0 *****
eval_f = 0.01672106
eval_precision = 0.010008455
eval_recall = 0.10698523
global_step = 0
loss = 2367.2935
***** Eval results albert_base_ner_checkpoints/model.ckpt-1000 *****
eval_f = 0.9256434
eval_precision = 0.95667034
eval_recall = 0.8976247
global_step = 1000
loss = 17.80814
***** Eval results albert_base_ner_checkpoints/model.ckpt-2000 *****
eval_f = 0.9444123
eval_precision = 0.94401
eval_recall = 0.9452899
global_step = 2000
loss = 10.842231
***** Eval results albert_base_ner_checkpoints/model.ckpt-2374 *****
eval_f = 0.948345
eval_precision = 0.9542561
eval_recall = 0.94261235
global_step = 2374
loss = 10.520088
